0 1309543244.170342 0 1309543244.169482
1 1309543244.210342 20 1309543244.211103
2 1309543244.240342 34 1309543244.240226
3 1309543244.270342 48 1309543244.269474
4 1309543244.310342 68 1309543244.311095
5 1309543244.340342 82 1309543244.340218
6 1309543244.370342 96 1309543244.369466
7 1309543244.410342 116 1309543244.411087
8 1309543244.440342 130 1309543244.440210
9 1309543244.470345 144 1309543244.469458
10 1309543244.510349 164 1309543244.511079
11 1309543244.540352 178 1309543244.540202
12 1309543244.570355 192 1309543244.569449
13 1309543244.610359 212 1309543244.611071
14 1309543244.640362 226 1309543244.640194
15 1309543244.670365 240 1309543244.669441
16 1309543244.710369 260 1309543244.711063
17 1309543244.740372 274 1309543244.740186
18 1309543244.770375 288 1309543244.769433
19 1309543244.810379 308 1309543244.811051
20 1309543244.840382 322 1309543244.840178
21 1309543244.870385 336 1309543244.869426
22 1309543244.910389 356 1309543244.911047
23 1309543244.940392 370 1309543244.940170
24 1309543244.970395 384 1309543244.969417
25 1309543245.010399 404 1309543245.011039
26 1309543245.040402 418 1309543245.040287
27 1309543245.070405 432 1309543245.069409
28 1309543245.110409 452 1309543245.111031
29 1309543245.140412 466 1309543245.140279
30 1309543245.170415 480 1309543245.169401
31 1309543245.210419 500 1309543245.211023
32 1309543245.240422 514 1309543245.240270
33 1309543245.270425 528 1309543245.269393
34 1309543245.310429 548 1309543245.311015
35 1309543245.340432 562 1309543245.340262
36 1309543245.370435 576 1309543245.369385
37 1309543245.410439 596 1309543245.411007
38 1309543245.440442 610 1309543245.440254
39 1309543245.470442 625 1309543245.471502
40 1309543245.510442 644 1309543245.510999
41 1309543245.540442 658 1309543245.540246
42 1309543245.580442 677 1309543245.579743
43 1309543245.610442 692 1309543245.610991
44 1309543245.640442 706 1309543245.640238
45 1309543245.680442 725 1309543245.679735
46 1309543245.710442 740 1309543245.710983
47 1309543245.740442 754 1309543245.740230
48 1309543245.780442 773 1309543245.779727
49 1309543245.810442 788 1309543245.810974
50 1309543245.840442 802 1309543245.840222
51 1309543245.880442 821 1309543245.879719
52 1309543245.910442 836 1309543245.910966
53 1309543245.940442 850 1309543245.940214
54 1309543245.980442 869 1309543245.979711
55 1309543246.010442 884 1309543246.010958
56 1309543246.040442 898 1309543246.040206
57 1309543246.080442 917 1309543246.079703
58 1309543246.110442 932 1309543246.110950
59 1309543246.140442 946 1309543246.140198
60 1309543246.180442 965 1309543246.179820
61 1309543246.210442 980 1309543246.211067
62 1309543246.240442 994 1309543246.240190
63 1309543246.280442 1013 1309543246.279812
64 1309543246.310442 1028 1309543246.311059
65 1309543246.340442 1042 1309543246.340182
66 1309543246.380442 1061 1309543246.379804
67 1309543246.410442 1076 1309543246.411051
68 1309543246.440442 1090 1309543246.440174
69 1309543246.480442 1109 1309543246.479796
70 1309543246.510442 1124 1309543246.511043
71 1309543246.540442 1138 1309543246.540166
72 1309543246.580442 1157 1309543246.579788
73 1309543246.610442 1172 1309543246.611035
74 1309543246.640442 1186 1309543246.640158
75 1309543246.680442 1205 1309543246.679780
76 1309543246.710442 1220 1309543246.711027
77 1309543246.740442 1234 1309543246.740150
78 1309543246.780442 1253 1309543246.779772
79 1309543246.810442 1268 1309543246.811019
80 1309543246.840442 1282 1309543246.840142
81 1309543246.880442 1301 1309543246.879764
82 1309543246.910442 1316 1309543246.911011
83 1309543246.940442 1330 1309543246.940134
84 1309543246.980442 1349 1309543246.979756
85 1309543247.010442 1364 1309543247.011002
86 1309543247.040442 1378 1309543247.040126
87 1309543247.080442 1397 1309543247.079748
88 1309543247.110442 1412 1309543247.110995
89 1309543247.140442 1426 1309543247.140118
90 1309543247.180442 1445 1309543247.179739
91 1309543247.210442 1460 1309543247.210987
92 1309543247.240442 1474 1309543247.240110
93 1309543247.280442 1493 1309543247.279731
94 1309543247.310442 1508 1309543247.310979
95 1309543247.340442 1522 1309543247.340102
96 1309543247.380442 1541 1309543247.379724
97 1309543247.410442 1556 1309543247.410970
98 1309543247.440442 1570 1309543247.440093
99 1309543247.480446 1589 1309543247.479715
100 1309543247.510449 1604 1309543247.510963
101 1309543247.540452 1618 1309543247.540085
102 1309543247.580456 1637 1309543247.579707
103 1309543247.610459 1652 1309543247.610954
104 1309543247.640462 1666 1309543247.640077
105 1309543247.680466 1685 1309543247.679699
106 1309543247.710469 1700 1309543247.710947
107 1309543247.740472 1714 1309543247.740069
108 1309543247.780476 1733 1309543247.779691
109 1309543247.810479 1748 1309543247.810939
110 1309543247.840482 1762 1309543247.840061
111 1309543247.880486 1781 1309543247.879683
112 1309543247.910489 1796 1309543247.910931
113 1309543247.940492 1810 1309543247.940053
114 1309543247.980496 1829 1309543247.979675
115 1309543248.010499 1844 1309543248.010923
116 1309543248.040502 1858 1309543248.040045
117 1309543248.080506 1877 1309543248.079668
118 1309543248.110509 1892 1309543248.110914
119 1309543248.140512 1906 1309543248.140037
120 1309543248.180516 1925 1309543248.179659
121 1309543248.210519 1940 1309543248.210906
122 1309543248.240522 1954 1309543248.240154
123 1309543248.280526 1973 1309543248.279651
124 1309543248.310529 1988 1309543248.310898
125 1309543248.340532 2002 1309543248.340146
126 1309543248.380536 2021 1309543248.379643
127 1309543248.410539 2036 1309543248.410890
128 1309543248.440542 2050 1309543248.440138
129 1309543248.480542 2069 1309543248.479635
130 1309543248.510542 2084 1309543248.510882
131 1309543248.540542 2098 1309543248.540130
132 1309543248.580542 2117 1309543248.579627
133 1309543248.610542 2132 1309543248.610875
134 1309543248.650542 2151 1309543248.650496
135 1309543248.680542 2165 1309543248.679619
136 1309543248.710542 2180 1309543248.710867
137 1309543248.750542 2199 1309543248.750488
138 1309543248.780542 2213 1309543248.779611
139 1309543248.810542 2228 1309543248.810858
140 1309543248.850542 2247 1309543248.850480
141 1309543248.880542 2261 1309543248.879603
142 1309543248.910542 2276 1309543248.910850
143 1309543248.950542 2295 1309543248.950472
144 1309543248.980542 2309 1309543248.979595
145 1309543249.010542 2324 1309543249.010842
146 1309543249.050542 2343 1309543249.050464
147 1309543249.080542 2357 1309543249.079587
