0 1309543244 170342
1 1309543244 210342
2 1309543244 240342
3 1309543244 270342
4 1309543244 310342
5 1309543244 340342
6 1309543244 370342
7 1309543244 410342
8 1309543244 440342
9 1309543244 470345
10 1309543244 510349
11 1309543244 540352
12 1309543244 570355
13 1309543244 610359
14 1309543244 640362
15 1309543244 670365
16 1309543244 710369
17 1309543244 740372
18 1309543244 770375
19 1309543244 810379
20 1309543244 840382
21 1309543244 870385
22 1309543244 910389
23 1309543244 940392
24 1309543244 970395
25 1309543245 10399
26 1309543245 40402
27 1309543245 70405
28 1309543245 110409
29 1309543245 140412
30 1309543245 170415
31 1309543245 210419
32 1309543245 240422
33 1309543245 270425
34 1309543245 310429
35 1309543245 340432
36 1309543245 370435
37 1309543245 410439
38 1309543245 440442
39 1309543245 470442
40 1309543245 510442
41 1309543245 540442
42 1309543245 580442
43 1309543245 610442
44 1309543245 640442
45 1309543245 680442
46 1309543245 710442
47 1309543245 740442
48 1309543245 780442
49 1309543245 810442
50 1309543245 840442
51 1309543245 880442
52 1309543245 910442
53 1309543245 940442
54 1309543245 980442
55 1309543246 10442
56 1309543246 40442
57 1309543246 80442
58 1309543246 110442
59 1309543246 140442
60 1309543246 180442
61 1309543246 210442
62 1309543246 240442
63 1309543246 280442
64 1309543246 310442
65 1309543246 340442
66 1309543246 380442
67 1309543246 410442
68 1309543246 440442
69 1309543246 480442
70 1309543246 510442
71 1309543246 540442
72 1309543246 580442
73 1309543246 610442
74 1309543246 640442
75 1309543246 680442
76 1309543246 710442
77 1309543246 740442
78 1309543246 780442
79 1309543246 810442
80 1309543246 840442
81 1309543246 880442
82 1309543246 910442
83 1309543246 940442
84 1309543246 980442
85 1309543247 10442
86 1309543247 40442
87 1309543247 80442
88 1309543247 110442
89 1309543247 140442
90 1309543247 180442
91 1309543247 210442
92 1309543247 240442
93 1309543247 280442
94 1309543247 310442
95 1309543247 340442
96 1309543247 380442
97 1309543247 410442
98 1309543247 440442
99 1309543247 480446
100 1309543247 510449
101 1309543247 540452
102 1309543247 580456
103 1309543247 610459
104 1309543247 640462
105 1309543247 680466
106 1309543247 710469
107 1309543247 740472
108 1309543247 780476
109 1309543247 810479
110 1309543247 840482
111 1309543247 880486
112 1309543247 910489
113 1309543247 940492
114 1309543247 980496
115 1309543248 10499
116 1309543248 40502
117 1309543248 80506
118 1309543248 110509
119 1309543248 140512
120 1309543248 180516
121 1309543248 210519
122 1309543248 240522
123 1309543248 280526
124 1309543248 310529
125 1309543248 340532
126 1309543248 380536
127 1309543248 410539
128 1309543248 440542
129 1309543248 480542
130 1309543248 510542
131 1309543248 540542
132 1309543248 580542
133 1309543248 610542
134 1309543248 650542
135 1309543248 680542
136 1309543248 710542
137 1309543248 750542
138 1309543248 780542
139 1309543248 810542
140 1309543248 850542
141 1309543248 880542
142 1309543248 910542
143 1309543248 950542
144 1309543248 980542
145 1309543249 10542
146 1309543249 50542
147 1309543249 80542
