0 1309543244.167357
1 1309543244.169482
2 1309543244.171480
3 1309543244.173606
4 1309543244.175731
5 1309543244.177731
6 1309543244.179856
7 1309543244.181981
8 1309543244.183981
9 1309543244.186105
10 1309543244.188230
11 1309543244.190230
12 1309543244.192355
13 1309543244.194480
14 1309543244.196478
15 1309543244.198604
16 1309543244.200718
17 1309543244.202729
18 1309543244.204765
19 1309543244.206980
20 1309543244.208979
21 1309543244.211103
22 1309543244.213228
23 1309543244.215228
24 1309543244.217353
25 1309543244.219478
26 1309543244.221477
27 1309543244.223602
28 1309543244.225730
29 1309543244.227727
30 1309543244.229851
31 1309543244.231977
32 1309543244.233976
33 1309543244.236100
34 1309543244.238226
35 1309543244.240226
36 1309543244.242351
37 1309543244.244476
38 1309543244.246475
39 1309543244.248600
40 1309543244.250725
41 1309543244.252725
42 1309543244.254850
43 1309543244.256975
44 1309543244.258974
45 1309543244.261099
46 1309543244.263224
47 1309543244.265224
48 1309543244.267349
49 1309543244.269474
50 1309543244.271473
51 1309543244.273598
52 1309543244.275709
53 1309543244.277724
54 1309543244.279848
55 1309543244.281974
56 1309543244.283972
57 1309543244.286097
58 1309543244.288222
59 1309543244.290221
60 1309543244.292347
61 1309543244.294472
62 1309543244.296471
63 1309543244.298596
64 1309543244.300722
65 1309543244.302722
66 1309543244.304846
67 1309543244.306971
68 1309543244.308970
69 1309543244.311095
70 1309543244.313220
71 1309543244.315220
72 1309543244.317345
73 1309543244.319470
74 1309543244.321469
75 1309543244.323594
76 1309543244.325720
77 1309543244.327719
78 1309543244.329788
79 1309543244.331970
80 1309543244.333968
81 1309543244.336093
82 1309543244.338218
83 1309543244.340218
84 1309543244.342343
85 1309543244.344467
86 1309543244.346467
87 1309543244.348592
88 1309543244.350717
89 1309543244.352718
90 1309543244.354842
91 1309543244.356968
92 1309543244.358966
93 1309543244.361091
94 1309543244.363216
95 1309543244.365216
96 1309543244.367341
97 1309543244.369466
98 1309543244.371465
99 1309543244.373592
100 1309543244.375715
101 1309543244.377715
102 1309543244.379840
103 1309543244.381966
104 1309543244.383964
105 1309543244.386090
106 1309543244.388215
107 1309543244.390214
108 1309543244.392339
109 1309543244.394464
110 1309543244.396462
111 1309543244.398587
112 1309543244.400710
113 1309543244.402713
114 1309543244.404838
115 1309543244.406963
116 1309543244.408962
117 1309543244.411087
118 1309543244.413211
119 1309543244.415212
120 1309543244.417337
121 1309543244.419462
122 1309543244.421461
123 1309543244.423585
124 1309543244.425711
125 1309543244.427712
126 1309543244.429752
127 1309543244.431962
128 1309543244.433960
129 1309543244.436085
130 1309543244.438210
131 1309543244.440210
132 1309543244.442335
133 1309543244.444460
134 1309543244.446459
135 1309543244.448584
136 1309543244.450708
137 1309543244.452710
138 1309543244.454750
139 1309543244.456960
140 1309543244.458958
141 1309543244.461083
142 1309543244.463208
143 1309543244.465208
144 1309543244.467333
145 1309543244.469458
146 1309543244.471457
147 1309543244.473582
148 1309543244.475707
149 1309543244.477707
150 1309543244.479832
151 1309543244.481958
152 1309543244.483956
153 1309543244.486081
154 1309543244.488206
155 1309543244.490206
156 1309543244.492331
157 1309543244.494454
158 1309543244.496455
159 1309543244.498580
160 1309543244.500706
161 1309543244.502705
162 1309543244.504829
163 1309543244.506956
164 1309543244.508954
165 1309543244.511079
166 1309543244.513204
167 1309543244.515204
168 1309543244.517329
169 1309543244.519453
170 1309543244.521453
171 1309543244.523578
172 1309543244.525702
173 1309543244.527703
174 1309543244.529827
175 1309543244.531953
176 1309543244.533952
177 1309543244.536077
178 1309543244.538202
179 1309543244.540202
180 1309543244.542327
181 1309543244.544451
182 1309543244.546451
183 1309543244.548576
184 1309543244.550702
185 1309543244.552701
186 1309543244.554826
187 1309543244.556951
188 1309543244.558949
189 1309543244.561074
190 1309543244.563199
191 1309543244.565200
192 1309543244.567325
193 1309543244.569449
194 1309543244.571449
195 1309543244.573574
196 1309543244.575699
197 1309543244.577700
198 1309543244.579824
199 1309543244.581948
200 1309543244.583948
201 1309543244.586073
202 1309543244.588198
203 1309543244.590198
204 1309543244.592322
205 1309543244.594447
206 1309543244.596447
207 1309543244.598572
208 1309543244.600697
209 1309543244.602697
210 1309543244.604822
211 1309543244.606946
212 1309543244.608946
213 1309543244.611071
214 1309543244.613196
215 1309543244.615196
216 1309543244.617321
217 1309543244.619445
218 1309543244.621445
219 1309543244.623570
220 1309543244.625695
221 1309543244.627696
222 1309543244.629820
223 1309543244.631944
224 1309543244.633944
225 1309543244.636069
226 1309543244.638193
227 1309543244.640194
228 1309543244.642318
229 1309543244.644443
230 1309543244.646443
231 1309543244.648568
232 1309543244.650694
233 1309543244.652694
234 1309543244.654818
235 1309543244.656943
236 1309543244.658942
237 1309543244.661067
238 1309543244.663192
239 1309543244.665192
240 1309543244.667317
241 1309543244.669441
242 1309543244.671441
243 1309543244.673566
244 1309543244.675691
245 1309543244.677691
246 1309543244.679816
247 1309543244.681940
248 1309543244.683940
249 1309543244.686065
250 1309543244.688189
251 1309543244.690190
252 1309543244.692315
253 1309543244.694439
254 1309543244.696439
255 1309543244.698564
256 1309543244.700690
257 1309543244.702690
258 1309543244.704814
259 1309543244.706939
260 1309543244.708938
261 1309543244.711063
262 1309543244.713188
263 1309543244.715188
264 1309543244.717313
265 1309543244.719437
266 1309543244.721436
267 1309543244.723562
268 1309543244.725686
269 1309543244.727687
270 1309543244.729812
271 1309543244.731874
272 1309543244.733936
273 1309543244.736061
274 1309543244.738186
275 1309543244.740186
276 1309543244.742311
277 1309543244.744435
278 1309543244.746435
279 1309543244.748560
280 1309543244.750684
281 1309543244.752685
282 1309543244.754810
283 1309543244.756934
284 1309543244.758934
285 1309543244.761059
286 1309543244.763184
287 1309543244.765184
288 1309543244.767309
289 1309543244.769433
290 1309543244.771433
291 1309543244.773558
292 1309543244.775681
293 1309543244.777683
294 1309543244.779782
295 1309543244.781932
296 1309543244.783932
297 1309543244.786057
298 1309543244.788182
299 1309543244.790182
300 1309543244.792307
301 1309543244.794431
302 1309543244.796430
303 1309543244.798556
304 1309543244.800673
305 1309543244.802682
306 1309543244.804806
307 1309543244.806931
308 1309543244.808930
309 1309543244.811051
310 1309543244.813180
311 1309543244.815180
312 1309543244.817305
313 1309543244.819429
314 1309543244.821429
315 1309543244.823554
316 1309543244.825678
317 1309543244.827679
318 1309543244.829804
319 1309543244.831928
320 1309543244.833928
321 1309543244.836053
322 1309543244.838178
323 1309543244.840178
324 1309543244.842302
325 1309543244.844427
326 1309543244.846427
327 1309543244.848552
328 1309543244.850676
329 1309543244.852677
330 1309543244.854802
331 1309543244.856927
332 1309543244.858925
333 1309543244.861051
334 1309543244.863176
335 1309543244.865176
336 1309543244.867300
337 1309543244.869426
338 1309543244.871425
339 1309543244.873550
340 1309543244.875678
341 1309543244.877675
342 1309543244.879800
343 1309543244.881924
344 1309543244.883924
345 1309543244.886048
346 1309543244.888175
347 1309543244.890174
348 1309543244.892298
349 1309543244.894423
350 1309543244.896423
351 1309543244.898548
352 1309543244.900657
353 1309543244.902673
354 1309543244.904798
355 1309543244.906922
356 1309543244.908922
357 1309543244.911047
358 1309543244.913172
359 1309543244.915172
360 1309543244.917242
361 1309543244.919421
362 1309543244.921421
363 1309543244.923546
364 1309543244.925674
365 1309543244.927672
366 1309543244.929795
367 1309543244.931921
368 1309543244.933920
369 1309543244.936045
370 1309543244.938170
371 1309543244.940170
372 1309543244.942294
373 1309543244.944419
374 1309543244.946419
375 1309543244.948544
376 1309543244.950658
377 1309543244.952670
378 1309543244.954752
379 1309543244.956919
380 1309543244.958917
381 1309543244.961042
382 1309543244.963169
383 1309543244.965168
384 1309543244.967292
385 1309543244.969417
386 1309543244.971417
387 1309543244.973542
388 1309543244.975667
389 1309543244.977669
390 1309543244.979791
391 1309543244.981917
392 1309543244.983916
393 1309543244.986041
394 1309543244.988166
395 1309543244.990166
396 1309543244.992290
397 1309543244.994414
398 1309543244.996415
399 1309543244.998540
400 1309543245.000667
401 1309543245.002665
402 1309543245.004789
403 1309543245.006915
404 1309543245.008914
405 1309543245.011039
406 1309543245.013163
407 1309543245.015164
408 1309543245.017288
409 1309543245.019413
410 1309543245.021413
411 1309543245.023538
412 1309543245.025662
413 1309543245.027663
414 1309543245.029780
415 1309543245.031913
416 1309543245.033912
417 1309543245.036037
418 1309543245.038162
419 1309543245.040287
420 1309543245.042285
421 1309543245.044411
422 1309543245.046411
423 1309543245.048536
424 1309543245.050660
425 1309543245.052660
426 1309543245.054786
427 1309543245.056910
428 1309543245.058910
429 1309543245.061035
430 1309543245.063160
431 1309543245.065160
432 1309543245.067284
433 1309543245.069409
434 1309543245.071409
435 1309543245.073534
436 1309543245.075662
437 1309543245.077784
438 1309543245.079783
439 1309543245.081908
440 1309543245.083908
441 1309543245.086033
442 1309543245.088158
443 1309543245.090158
444 1309543245.092282
445 1309543245.094407
446 1309543245.096532
447 1309543245.098533
448 1309543245.100657
449 1309543245.102657
450 1309543245.104781
451 1309543245.106906
452 1309543245.108906
453 1309543245.111031
454 1309543245.113156
455 1309543245.115156
456 1309543245.117280
457 1309543245.119405
458 1309543245.121530
459 1309543245.123530
460 1309543245.125638
461 1309543245.127780
462 1309543245.129779
463 1309543245.131904
464 1309543245.133905
465 1309543245.136029
466 1309543245.138154
467 1309543245.140279
468 1309543245.142278
469 1309543245.144402
470 1309543245.146528
471 1309543245.148528
472 1309543245.150653
473 1309543245.152778
474 1309543245.154777
475 1309543245.156902
476 1309543245.159029
477 1309543245.161026
478 1309543245.163152
479 1309543245.165277
480 1309543245.167276
481 1309543245.169401
482 1309543245.171526
483 1309543245.173526
484 1309543245.175646
485 1309543245.177777
486 1309543245.179775
487 1309543245.181901
488 1309543245.184025
489 1309543245.186024
490 1309543245.188149
491 1309543245.190274
492 1309543245.192274
493 1309543245.194399
494 1309543245.196524
495 1309543245.198525
496 1309543245.200625
497 1309543245.202775
498 1309543245.204773
499 1309543245.206899
500 1309543245.209023
501 1309543245.211023
502 1309543245.213147
503 1309543245.215272
504 1309543245.217272
505 1309543245.219397
506 1309543245.221522
507 1309543245.223522
508 1309543245.225650
509 1309543245.227772
510 1309543245.229771
511 1309543245.231896
512 1309543245.233959
513 1309543245.236021
514 1309543245.238146
515 1309543245.240270
516 1309543245.242270
517 1309543245.244395
518 1309543245.246520
519 1309543245.248510
520 1309543245.250641
521 1309543245.252771
522 1309543245.254769
523 1309543245.256894
524 1309543245.259019
525 1309543245.261019
526 1309543245.263144
527 1309543245.265268
528 1309543245.267267
529 1309543245.269393
530 1309543245.271518
531 1309543245.273518
532 1309543245.275618
533 1309543245.277768
534 1309543245.279767
535 1309543245.281892
536 1309543245.284017
537 1309543245.286017
538 1309543245.288141
539 1309543245.290266
540 1309543245.292266
541 1309543245.294390
542 1309543245.296515
543 1309543245.298516
544 1309543245.300612
545 1309543245.302765
546 1309543245.304765
547 1309543245.306891
548 1309543245.309015
549 1309543245.311015
550 1309543245.313140
551 1309543245.315264
552 1309543245.317264
553 1309543245.319389
554 1309543245.321514
555 1309543245.323514
556 1309543245.325639
557 1309543245.327763
558 1309543245.329763
559 1309543245.331888
560 1309543245.334013
561 1309543245.336013
562 1309543245.338138
563 1309543245.340262
564 1309543245.342261
565 1309543245.344387
566 1309543245.346512
567 1309543245.348512
568 1309543245.350637
569 1309543245.352761
570 1309543245.354761
571 1309543245.356887
572 1309543245.359011
573 1309543245.361011
574 1309543245.363136
575 1309543245.365260
576 1309543245.367259
577 1309543245.369385
578 1309543245.371510
579 1309543245.373510
580 1309543245.375635
581 1309543245.377758
582 1309543245.379759
583 1309543245.381885
584 1309543245.384009
585 1309543245.386009
586 1309543245.388134
587 1309543245.390258
588 1309543245.392258
589 1309543245.394383
590 1309543245.396508
591 1309543245.398508
592 1309543245.400627
593 1309543245.402758
594 1309543245.404756
595 1309543245.406882
596 1309543245.409007
597 1309543245.411007
598 1309543245.413133
599 1309543245.415256
600 1309543245.417256
601 1309543245.419381
602 1309543245.421505
603 1309543245.423506
604 1309543245.425631
605 1309543245.427755
606 1309543245.429755
607 1309543245.431880
608 1309543245.434005
609 1309543245.436005
610 1309543245.438130
611 1309543245.440254
612 1309543245.442254
613 1309543245.444379
614 1309543245.446504
615 1309543245.448504
616 1309543245.450629
617 1309543245.452753
618 1309543245.454756
619 1309543245.456878
620 1309543245.459002
621 1309543245.461002
622 1309543245.463128
623 1309543245.465252
624 1309543245.467238
625 1309543245.469377
626 1309543245.471502
627 1309543245.473502
628 1309543245.475627
629 1309543245.477751
630 1309543245.479751
631 1309543245.481877
632 1309543245.484001
633 1309543245.486002
634 1309543245.488126
635 1309543245.490250
636 1309543245.492250
637 1309543245.494375
638 1309543245.496500
639 1309543245.498500
640 1309543245.500624
641 1309543245.502749
642 1309543245.504749
643 1309543245.506874
644 1309543245.508926
645 1309543245.510999
646 1309543245.513123
647 1309543245.515248
648 1309543245.517248
649 1309543245.519373
650 1309543245.521498
651 1309543245.523499
652 1309543245.525591
653 1309543245.527747
654 1309543245.529747
655 1309543245.531872
656 1309543245.533996
657 1309543245.535998
658 1309543245.538121
659 1309543245.540246
660 1309543245.542246
661 1309543245.544371
662 1309543245.546496
663 1309543245.548496
664 1309543245.550622
665 1309543245.552745
666 1309543245.554745
667 1309543245.556870
668 1309543245.558995
669 1309543245.560995
670 1309543245.563119
671 1309543245.565244
672 1309543245.567244
673 1309543245.569369
674 1309543245.571494
675 1309543245.573494
676 1309543245.575601
677 1309543245.577745
678 1309543245.579743
679 1309543245.581868
680 1309543245.583993
681 1309543245.585993
682 1309543245.588116
683 1309543245.590242
684 1309543245.592242
685 1309543245.594366
686 1309543245.596487
687 1309543245.598492
688 1309543245.600619
689 1309543245.602741
690 1309543245.604719
691 1309543245.606866
692 1309543245.608991
693 1309543245.610991
694 1309543245.613115
695 1309543245.615240
696 1309543245.617240
697 1309543245.619365
698 1309543245.621489
699 1309543245.623490
700 1309543245.625614
701 1309543245.627739
702 1309543245.629739
703 1309543245.631864
704 1309543245.633989
705 1309543245.635989
706 1309543245.638113
707 1309543245.640238
708 1309543245.642238
709 1309543245.644363
710 1309543245.646488
711 1309543245.648488
712 1309543245.650612
713 1309543245.652737
714 1309543245.654737
715 1309543245.656863
716 1309543245.658988
717 1309543245.660987
718 1309543245.663058
719 1309543245.665236
720 1309543245.667236
721 1309543245.669361
722 1309543245.671486
723 1309543245.673486
724 1309543245.675580
725 1309543245.677735
726 1309543245.679735
727 1309543245.681861
728 1309543245.683985
729 1309543245.685969
730 1309543245.688109
731 1309543245.690234
732 1309543245.692234
733 1309543245.694359
734 1309543245.696484
735 1309543245.698485
736 1309543245.700560
737 1309543245.702733
738 1309543245.704733
739 1309543245.706858
740 1309543245.708983
741 1309543245.710983
742 1309543245.713107
743 1309543245.715232
744 1309543245.717232
745 1309543245.719357
746 1309543245.721459
747 1309543245.723483
748 1309543245.725593
749 1309543245.727731
750 1309543245.729731
751 1309543245.731856
752 1309543245.733981
753 1309543245.735981
754 1309543245.738105
755 1309543245.740230
756 1309543245.742230
757 1309543245.744355
758 1309543245.746480
759 1309543245.748481
760 1309543245.750607
761 1309543245.752667
762 1309543245.754728
763 1309543245.756853
764 1309543245.758978
765 1309543245.760978
766 1309543245.763103
767 1309543245.765228
768 1309543245.767228
769 1309543245.769353
770 1309543245.771478
771 1309543245.773478
772 1309543245.775604
773 1309543245.777727
774 1309543245.779727
775 1309543245.781852
776 1309543245.783977
777 1309543245.785977
778 1309543245.788101
779 1309543245.790226
780 1309543245.792226
781 1309543245.794351
782 1309543245.796476
783 1309543245.798539
784 1309543245.800603
785 1309543245.802726
786 1309543245.804725
787 1309543245.806851
788 1309543245.808975
789 1309543245.810974
790 1309543245.813099
791 1309543245.815217
792 1309543245.817224
793 1309543245.819349
794 1309543245.821474
795 1309543245.823474
796 1309543245.825570
797 1309543245.827723
798 1309543245.829723
799 1309543245.831848
800 1309543245.833973
801 1309543245.835973
802 1309543245.838097
803 1309543245.840222
804 1309543245.842222
805 1309543245.844347
806 1309543245.846472
807 1309543245.848472
808 1309543245.850597
809 1309543245.852721
810 1309543245.854721
811 1309543245.856846
812 1309543245.858971
813 1309543245.860970
814 1309543245.863095
815 1309543245.865219
816 1309543245.867219
817 1309543245.869345
818 1309543245.871470
819 1309543245.873470
820 1309543245.875581
821 1309543245.877720
822 1309543245.879719
823 1309543245.881845
824 1309543245.883969
825 1309543245.885968
826 1309543245.888093
827 1309543245.890156
828 1309543245.892218
829 1309543245.894343
830 1309543245.896468
831 1309543245.898469
832 1309543245.900588
833 1309543245.902718
834 1309543245.904698
835 1309543245.906843
836 1309543245.908967
837 1309543245.910966
838 1309543245.913091
839 1309543245.915216
840 1309543245.917216
841 1309543245.919341
842 1309543245.921466
843 1309543245.923466
844 1309543245.925587
845 1309543245.927715
846 1309543245.929715
847 1309543245.931841
848 1309543245.933965
849 1309543245.935964
850 1309543245.938089
851 1309543245.940214
852 1309543245.942214
853 1309543245.944339
854 1309543245.946464
855 1309543245.948464
856 1309543245.950572
857 1309543245.952714
858 1309543245.954713
859 1309543245.956839
860 1309543245.958963
861 1309543245.960962
862 1309543245.963087
863 1309543245.965212
864 1309543245.967212
865 1309543245.969336
866 1309543245.971462
867 1309543245.973461
868 1309543245.975557
869 1309543245.977712
870 1309543245.979711
871 1309543245.981837
872 1309543245.983961
873 1309543245.985960
874 1309543245.988085
875 1309543245.990210
876 1309543245.992210
877 1309543245.994335
878 1309543245.996460
879 1309543245.998460
880 1309543246.000543
881 1309543246.002710
882 1309543246.004709
883 1309543246.006834
884 1309543246.008959
885 1309543246.010958
886 1309543246.013083
887 1309543246.015208
888 1309543246.017208
889 1309543246.019333
890 1309543246.021457
891 1309543246.023456
892 1309543246.025531
893 1309543246.027708
894 1309543246.029704
895 1309543246.031833
896 1309543246.033947
897 1309543246.035956
898 1309543246.038081
899 1309543246.040206
900 1309543246.042206
901 1309543246.044331
902 1309543246.046456
903 1309543246.048455
904 1309543246.050560
905 1309543246.052705
906 1309543246.054705
907 1309543246.056830
908 1309543246.058955
909 1309543246.060954
910 1309543246.063079
911 1309543246.065204
912 1309543246.067204
913 1309543246.069329
914 1309543246.071453
915 1309543246.073578
916 1309543246.075536
917 1309543246.077703
918 1309543246.079703
919 1309543246.081828
920 1309543246.083953
921 1309543246.085952
922 1309543246.088077
923 1309543246.090202
924 1309543246.092265
925 1309543246.094327
926 1309543246.096452
927 1309543246.098577
928 1309543246.100576
929 1309543246.102701
930 1309543246.104701
931 1309543246.106826
932 1309543246.108951
933 1309543246.110950
934 1309543246.113075
935 1309543246.115200
936 1309543246.117201
937 1309543246.119325
938 1309543246.121450
939 1309543246.123574
940 1309543246.125574
941 1309543246.127700
942 1309543246.129824
943 1309543246.131825
944 1309543246.133949
945 1309543246.135948
946 1309543246.138073
947 1309543246.140198
948 1309543246.142323
949 1309543246.144323
950 1309543246.146448
951 1309543246.148572
952 1309543246.150534
953 1309543246.152696
954 1309543246.154698
955 1309543246.156822
956 1309543246.158947
957 1309543246.160946
958 1309543246.163071
959 1309543246.165196
960 1309543246.167321
961 1309543246.169321
962 1309543246.171446
963 1309543246.173445
964 1309543246.175556
965 1309543246.177696
966 1309543246.179820
967 1309543246.181882
968 1309543246.183945
969 1309543246.186069
970 1309543246.188069
971 1309543246.190194
972 1309543246.192319
973 1309543246.194319
974 1309543246.196444
975 1309543246.198569
976 1309543246.200568
977 1309543246.202694
978 1309543246.204817
979 1309543246.206819
980 1309543246.208943
981 1309543246.211067
982 1309543246.213067
983 1309543246.215192
984 1309543246.217317
985 1309543246.219317
986 1309543246.221442
987 1309543246.223566
988 1309543246.225530
989 1309543246.227690
990 1309543246.229816
991 1309543246.231817
992 1309543246.233940
993 1309543246.236065
994 1309543246.238065
995 1309543246.240190
996 1309543246.242315
997 1309543246.244315
998 1309543246.246440
999 1309543246.248564
1000 1309543246.250557
1001 1309543246.252677
1002 1309543246.254814
1003 1309543246.256815
1004 1309543246.258932
1005 1309543246.261063
1006 1309543246.263063
1007 1309543246.265188
1008 1309543246.267313
1009 1309543246.269313
1010 1309543246.271438
1011 1309543246.273563
1012 1309543246.275562
1013 1309543246.277688
1014 1309543246.279812
1015 1309543246.281812
1016 1309543246.283936
1017 1309543246.286061
1018 1309543246.288061
1019 1309543246.290186
1020 1309543246.292310
1021 1309543246.294311
1022 1309543246.296436
1023 1309543246.298560
1024 1309543246.300538
1025 1309543246.302685
1026 1309543246.304810
1027 1309543246.306810
1028 1309543246.308934
1029 1309543246.311059
1030 1309543246.313059
1031 1309543246.315183
1032 1309543246.317309
1033 1309543246.319309
1034 1309543246.321433
1035 1309543246.323559
1036 1309543246.325558
1037 1309543246.327683
1038 1309543246.329808
1039 1309543246.331808
1040 1309543246.333932
1041 1309543246.336057
1042 1309543246.338057
1043 1309543246.340182
1044 1309543246.342307
1045 1309543246.344307
1046 1309543246.346431
1047 1309543246.348557
1048 1309543246.350534
1049 1309543246.352681
1050 1309543246.354806
1051 1309543246.356807
1052 1309543246.358930
1053 1309543246.361055
1054 1309543246.363055
1055 1309543246.365180
1056 1309543246.367305
1057 1309543246.369305
1058 1309543246.371429
1059 1309543246.373555
1060 1309543246.375516
1061 1309543246.377680
1062 1309543246.379804
1063 1309543246.381804
1064 1309543246.383928
1065 1309543246.386053
1066 1309543246.388053
1067 1309543246.390178
1068 1309543246.392302
1069 1309543246.394303
1070 1309543246.396427
1071 1309543246.398552
1072 1309543246.400552
1073 1309543246.402677
1074 1309543246.404802
1075 1309543246.406802
1076 1309543246.408927
1077 1309543246.411051
1078 1309543246.413050
1079 1309543246.415176
1080 1309543246.417301
1081 1309543246.419301
1082 1309543246.421425
1083 1309543246.423550
1084 1309543246.425550
1085 1309543246.427675
1086 1309543246.429800
1087 1309543246.431800
1088 1309543246.433924
1089 1309543246.436049
1090 1309543246.438049
1091 1309543246.440174
1092 1309543246.442299
1093 1309543246.444299
1094 1309543246.446423
1095 1309543246.448549
1096 1309543246.450548
1097 1309543246.452673
1098 1309543246.454798
1099 1309543246.456799
1100 1309543246.458922
1101 1309543246.461047
1102 1309543246.463046
1103 1309543246.465172
1104 1309543246.467297
1105 1309543246.469297
1106 1309543246.471404
1107 1309543246.473546
1108 1309543246.475546
1109 1309543246.477671
1110 1309543246.479796
1111 1309543246.481796
1112 1309543246.483920
1113 1309543246.486045
1114 1309543246.488045
1115 1309543246.490170
1116 1309543246.492295
1117 1309543246.494295
1118 1309543246.496419
1119 1309543246.498544
1120 1309543246.500607
1121 1309543246.502669
1122 1309543246.504794
1123 1309543246.506795
1124 1309543246.508918
1125 1309543246.511043
1126 1309543246.513043
1127 1309543246.515168
1128 1309543246.517293
1129 1309543246.519293
1130 1309543246.521417
1131 1309543246.523543
1132 1309543246.525542
1133 1309543246.527668
1134 1309543246.529792
1135 1309543246.531793
1136 1309543246.533916
1137 1309543246.536041
1138 1309543246.538041
1139 1309543246.540166
1140 1309543246.542291
1141 1309543246.544290
1142 1309543246.546415
1143 1309543246.548540
1144 1309543246.550540
1145 1309543246.552621
1146 1309543246.554790
1147 1309543246.556790
1148 1309543246.558914
1149 1309543246.561039
1150 1309543246.563039
1151 1309543246.565164
1152 1309543246.567289
1153 1309543246.569289
1154 1309543246.571413
1155 1309543246.573539
1156 1309543246.575538
1157 1309543246.577663
1158 1309543246.579788
1159 1309543246.581789
1160 1309543246.583912
1161 1309543246.586037
1162 1309543246.588037
1163 1309543246.590162
1164 1309543246.592287
1165 1309543246.594287
1166 1309543246.596411
1167 1309543246.598535
1168 1309543246.600533
1169 1309543246.602661
1170 1309543246.604786
1171 1309543246.606786
1172 1309543246.608910
1173 1309543246.611035
1174 1309543246.613035
1175 1309543246.615160
1176 1309543246.617285
1177 1309543246.619285
1178 1309543246.621409
1179 1309543246.623534
1180 1309543246.625534
1181 1309543246.627660
1182 1309543246.629784
1183 1309543246.631785
1184 1309543246.633908
1185 1309543246.635971
1186 1309543246.638033
1187 1309543246.640158
1188 1309543246.642283
1189 1309543246.644283
1190 1309543246.646407
1191 1309543246.648532
1192 1309543246.650514
1193 1309543246.652658
1194 1309543246.654781
1195 1309543246.656782
1196 1309543246.658905
1197 1309543246.661031
1198 1309543246.663031
1199 1309543246.665156
1200 1309543246.667281
1201 1309543246.669280
1202 1309543246.671405
1203 1309543246.673530
1204 1309543246.675530
1205 1309543246.677655
1206 1309543246.679780
1207 1309543246.681780
1208 1309543246.683904
1209 1309543246.686029
1210 1309543246.688029
1211 1309543246.690135
1212 1309543246.692279
1213 1309543246.694278
1214 1309543246.696403
1215 1309543246.698528
1216 1309543246.700528
1217 1309543246.702654
1218 1309543246.704778
1219 1309543246.706779
1220 1309543246.708902
1221 1309543246.711027
1222 1309543246.713027
1223 1309543246.715152
1224 1309543246.717277
1225 1309543246.719276
1226 1309543246.721401
1227 1309543246.723527
1228 1309543246.725526
1229 1309543246.727652
1230 1309543246.729776
1231 1309543246.731776
1232 1309543246.733900
1233 1309543246.736025
1234 1309543246.738024
1235 1309543246.740150
1236 1309543246.742275
1237 1309543246.744275
1238 1309543246.746399
1239 1309543246.748524
1240 1309543246.750525
1241 1309543246.752649
1242 1309543246.754774
1243 1309543246.756773
1244 1309543246.758898
1245 1309543246.761023
1246 1309543246.763023
1247 1309543246.765148
1248 1309543246.767272
1249 1309543246.769271
1250 1309543246.771397
1251 1309543246.773522
1252 1309543246.775522
1253 1309543246.777647
1254 1309543246.779772
1255 1309543246.781771
1256 1309543246.783896
1257 1309543246.786021
1258 1309543246.788021
1259 1309543246.790146
1260 1309543246.792270
1261 1309543246.794270
1262 1309543246.796395
1263 1309543246.798520
1264 1309543246.800502
1265 1309543246.802645
1266 1309543246.804770
1267 1309543246.806769
1268 1309543246.808894
1269 1309543246.811019
1270 1309543246.813019
1271 1309543246.815144
1272 1309543246.817269
1273 1309543246.819268
1274 1309543246.821392
1275 1309543246.823518
1276 1309543246.825518
1277 1309543246.827644
1278 1309543246.829768
1279 1309543246.831768
1280 1309543246.833892
1281 1309543246.836017
1282 1309543246.838080
1283 1309543246.840142
1284 1309543246.842267
1285 1309543246.844267
1286 1309543246.846391
1287 1309543246.848516
1288 1309543246.850516
1289 1309543246.852642
1290 1309543246.854766
1291 1309543246.856765
1292 1309543246.858890
1293 1309543246.861015
1294 1309543246.863015
1295 1309543246.865140
1296 1309543246.867265
1297 1309543246.869265
1298 1309543246.871389
1299 1309543246.873514
1300 1309543246.875513
1301 1309543246.877640
1302 1309543246.879764
1303 1309543246.881763
1304 1309543246.883888
1305 1309543246.886013
1306 1309543246.888013
1307 1309543246.890138
1308 1309543246.892265
1309 1309543246.894262
1310 1309543246.896387
1311 1309543246.898513
1312 1309543246.900512
1313 1309543246.902637
1314 1309543246.904762
1315 1309543246.906761
1316 1309543246.908863
1317 1309543246.911011
1318 1309543246.913011
1319 1309543246.915136
1320 1309543246.917261
1321 1309543246.919260
1322 1309543246.921385
1323 1309543246.923510
1324 1309543246.925510
1325 1309543246.927635
1326 1309543246.929760
1327 1309543246.931760
1328 1309543246.933884
1329 1309543246.936009
1330 1309543246.938009
1331 1309543246.940134
1332 1309543246.942259
1333 1309543246.944259
1334 1309543246.946383
1335 1309543246.948508
1336 1309543246.950508
1337 1309543246.952633
1338 1309543246.954758
1339 1309543246.956757
1340 1309543246.958881
1341 1309543246.961007
1342 1309543246.963007
1343 1309543246.965132
1344 1309543246.967258
1345 1309543246.969256
1346 1309543246.971381
1347 1309543246.973506
1348 1309543246.975506
1349 1309543246.977631
1350 1309543246.979756
1351 1309543246.981756
1352 1309543246.983879
1353 1309543246.986005
1354 1309543246.988005
1355 1309543246.990130
1356 1309543246.992256
1357 1309543246.994255
1358 1309543246.996379
1359 1309543246.998504
1360 1309543247.000504
1361 1309543247.002630
1362 1309543247.004754
1363 1309543247.006754
1364 1309543247.008878
1365 1309543247.011002
1366 1309543247.013003
1367 1309543247.015128
1368 1309543247.017253
1369 1309543247.019253
1370 1309543247.021377
1371 1309543247.023501
1372 1309543247.025502
1373 1309543247.027628
1374 1309543247.029752
1375 1309543247.031751
1376 1309543247.033876
1377 1309543247.036001
1378 1309543247.038001
1379 1309543247.040126
1380 1309543247.042250
1381 1309543247.044251
1382 1309543247.046375
1383 1309543247.048500
1384 1309543247.050625
1385 1309543247.052625
1386 1309543247.054750
1387 1309543247.056750
1388 1309543247.058874
1389 1309543247.060999
1390 1309543247.062999
1391 1309543247.065123
1392 1309543247.067248
1393 1309543247.069248
1394 1309543247.071373
1395 1309543247.073498
1396 1309543247.075498
1397 1309543247.077624
1398 1309543247.079748
1399 1309543247.081748
1400 1309543247.083872
1401 1309543247.085997
1402 1309543247.087997
1403 1309543247.090122
1404 1309543247.092246
1405 1309543247.094246
1406 1309543247.096371
1407 1309543247.098496
1408 1309543247.100496
1409 1309543247.102621
1410 1309543247.104745
1411 1309543247.106745
1412 1309543247.108870
1413 1309543247.110995
1414 1309543247.113119
1415 1309543247.115120
1416 1309543247.117244
1417 1309543247.119244
1418 1309543247.121370
1419 1309543247.123494
1420 1309543247.125495
1421 1309543247.127595
1422 1309543247.129743
1423 1309543247.131868
1424 1309543247.133868
1425 1309543247.135993
1426 1309543247.138118
1427 1309543247.140118
1428 1309543247.142242
1429 1309543247.144242
1430 1309543247.146368
1431 1309543247.148492
1432 1309543247.150492
1433 1309543247.152618
1434 1309543247.154741
1435 1309543247.156866
1436 1309543247.158866
1437 1309543247.160991
1438 1309543247.162991
1439 1309543247.165116
1440 1309543247.167240
1441 1309543247.169241
1442 1309543247.171365
1443 1309543247.173490
1444 1309543247.175615
1445 1309543247.177615
1446 1309543247.179739
1447 1309543247.181739
1448 1309543247.183864
1449 1309543247.185989
1450 1309543247.188114
1451 1309543247.190114
1452 1309543247.192238
1453 1309543247.194363
1454 1309543247.196364
1455 1309543247.198488
1456 1309543247.200488
1457 1309543247.202615
1458 1309543247.204737
1459 1309543247.206862
1460 1309543247.208862
1461 1309543247.210987
1462 1309543247.213112
1463 1309543247.215112
1464 1309543247.217236
1465 1309543247.219236
1466 1309543247.221361
1467 1309543247.223486
1468 1309543247.225486
1469 1309543247.227611
1470 1309543247.229735
1471 1309543247.231860
1472 1309543247.233860
1473 1309543247.235985
1474 1309543247.237985
1475 1309543247.240110
1476 1309543247.242234
1477 1309543247.244359
1478 1309543247.246359
1479 1309543247.248485
1480 1309543247.250609
1481 1309543247.252609
1482 1309543247.254733
1483 1309543247.256841
1484 1309543247.258858
1485 1309543247.260983
1486 1309543247.263108
1487 1309543247.265108
1488 1309543247.267232
1489 1309543247.269357
1490 1309543247.271420
1491 1309543247.273483
1492 1309543247.275607
1493 1309543247.277607
1494 1309543247.279731
1495 1309543247.281856
1496 1309543247.283855
1497 1309543247.285981
1498 1309543247.288106
1499 1309543247.290106
1500 1309543247.292231
1501 1309543247.294356
1502 1309543247.296355
1503 1309543247.298481
1504 1309543247.300605
1505 1309543247.302605
1506 1309543247.304670
1507 1309543247.306854
1508 1309543247.308854
1509 1309543247.310979
1510 1309543247.313104
1511 1309543247.315104
1512 1309543247.317229
1513 1309543247.319354
1514 1309543247.321353
1515 1309543247.323478
1516 1309543247.325604
1517 1309543247.327603
1518 1309543247.329727
1519 1309543247.331852
1520 1309543247.333852
1521 1309543247.335977
1522 1309543247.338101
1523 1309543247.340102
1524 1309543247.342226
1525 1309543247.344352
1526 1309543247.346323
1527 1309543247.348477
1528 1309543247.350601
1529 1309543247.352602
1530 1309543247.354725
1531 1309543247.356850
1532 1309543247.358849
1533 1309543247.360975
1534 1309543247.363100
1535 1309543247.365099
1536 1309543247.367224
1537 1309543247.369350
1538 1309543247.371349
1539 1309543247.373474
1540 1309543247.375599
1541 1309543247.377599
1542 1309543247.379724
1543 1309543247.381848
1544 1309543247.383848
1545 1309543247.385973
1546 1309543247.388097
1547 1309543247.390097
1548 1309543247.392221
1549 1309543247.394348
1550 1309543247.396347
1551 1309543247.398473
1552 1309543247.400597
1553 1309543247.402659
1554 1309543247.404721
1555 1309543247.406846
1556 1309543247.408846
1557 1309543247.410970
1558 1309543247.413096
1559 1309543247.415095
1560 1309543247.417220
1561 1309543247.419345
1562 1309543247.421346
1563 1309543247.423473
1564 1309543247.425596
1565 1309543247.427595
1566 1309543247.429720
1567 1309543247.431844
1568 1309543247.433844
1569 1309543247.435969
1570 1309543247.438094
1571 1309543247.440093
1572 1309543247.442218
1573 1309543247.444344
1574 1309543247.446343
1575 1309543247.448468
1576 1309543247.450593
1577 1309543247.452592
1578 1309543247.454718
1579 1309543247.456842
1580 1309543247.458842
1581 1309543247.460967
1582 1309543247.463092
1583 1309543247.465091
1584 1309543247.467216
1585 1309543247.469342
1586 1309543247.471341
1587 1309543247.473444
1588 1309543247.475571
1589 1309543247.477590
1590 1309543247.479715
1591 1309543247.481840
1592 1309543247.483840
1593 1309543247.485965
1594 1309543247.488090
1595 1309543247.490061
1596 1309543247.492214
1597 1309543247.494341
1598 1309543247.496339
1599 1309543247.498464
1600 1309543247.500588
1601 1309543247.502588
1602 1309543247.504713
1603 1309543247.506838
1604 1309543247.508838
1605 1309543247.510963
1606 1309543247.513088
1607 1309543247.515087
1608 1309543247.517212
1609 1309543247.519337
1610 1309543247.521337
1611 1309543247.523456
1612 1309543247.525587
1613 1309543247.527586
1614 1309543247.529711
1615 1309543247.531836
1616 1309543247.533836
1617 1309543247.535961
1618 1309543247.538086
1619 1309543247.540085
1620 1309543247.542210
1621 1309543247.544335
1622 1309543247.546336
1623 1309543247.548440
1624 1309543247.550585
1625 1309543247.552584
1626 1309543247.554709
1627 1309543247.556834
1628 1309543247.558834
1629 1309543247.560959
1630 1309543247.563084
1631 1309543247.565051
1632 1309543247.567208
1633 1309543247.569334
1634 1309543247.571333
1635 1309543247.573458
1636 1309543247.575583
1637 1309543247.577582
1638 1309543247.579707
1639 1309543247.581721
1640 1309543247.583831
1641 1309543247.585957
1642 1309543247.588082
1643 1309543247.590081
1644 1309543247.592206
1645 1309543247.594331
1646 1309543247.596331
1647 1309543247.598449
1648 1309543247.600580
1649 1309543247.602580
1650 1309543247.604705
1651 1309543247.606830
1652 1309543247.608829
1653 1309543247.610954
1654 1309543247.613079
1655 1309543247.615079
1656 1309543247.617204
1657 1309543247.619330
1658 1309543247.621329
1659 1309543247.623432
1660 1309543247.625579
1661 1309543247.627578
1662 1309543247.629703
1663 1309543247.631828
1664 1309543247.633828
1665 1309543247.635953
1666 1309543247.638077
1667 1309543247.640077
1668 1309543247.642202
1669 1309543247.644327
1670 1309543247.646327
1671 1309543247.648453
1672 1309543247.650576
1673 1309543247.652576
1674 1309543247.654700
1675 1309543247.656826
1676 1309543247.658826
1677 1309543247.660951
1678 1309543247.663076
1679 1309543247.665075
1680 1309543247.667200
1681 1309543247.669325
1682 1309543247.671326
1683 1309543247.673450
1684 1309543247.675575
1685 1309543247.677574
1686 1309543247.679699
1687 1309543247.681824
1688 1309543247.683825
1689 1309543247.685949
1690 1309543247.688074
1691 1309543247.690073
1692 1309543247.692198
1693 1309543247.694301
1694 1309543247.696323
1695 1309543247.698449
1696 1309543247.700573
1697 1309543247.702572
1698 1309543247.704697
1699 1309543247.706822
1700 1309543247.708822
1701 1309543247.710947
1702 1309543247.713071
1703 1309543247.715071
1704 1309543247.717195
1705 1309543247.719320
1706 1309543247.721321
1707 1309543247.723417
1708 1309543247.725572
1709 1309543247.727570
1710 1309543247.729695
1711 1309543247.731820
1712 1309543247.733820
1713 1309543247.735946
1714 1309543247.738069
1715 1309543247.740069
1716 1309543247.742194
1717 1309543247.744319
1718 1309543247.746318
1719 1309543247.748391
1720 1309543247.750569
1721 1309543247.752568
1722 1309543247.754693
1723 1309543247.756818
1724 1309543247.758818
1725 1309543247.760943
1726 1309543247.763067
1727 1309543247.765067
1728 1309543247.767192
1729 1309543247.769317
1730 1309543247.771317
1731 1309543247.773420
1732 1309543247.775567
1733 1309543247.777566
1734 1309543247.779691
1735 1309543247.781816
1736 1309543247.783816
1737 1309543247.785941
1738 1309543247.788066
1739 1309543247.790065
1740 1309543247.792190
1741 1309543247.794253
1742 1309543247.796316
1743 1309543247.798440
1744 1309543247.800563
1745 1309543247.802564
1746 1309543247.804689
1747 1309543247.806814
1748 1309543247.808815
1749 1309543247.810939
1750 1309543247.813063
1751 1309543247.815063
1752 1309543247.817188
1753 1309543247.819313
1754 1309543247.821313
1755 1309543247.823438
1756 1309543247.825561
1757 1309543247.827562
1758 1309543247.829687
1759 1309543247.831812
1760 1309543247.833812
1761 1309543247.835937
1762 1309543247.838062
1763 1309543247.840061
1764 1309543247.842186
1765 1309543247.844312
1766 1309543247.846311
1767 1309543247.848437
1768 1309543247.850560
1769 1309543247.852560
1770 1309543247.854684
1771 1309543247.856810
1772 1309543247.858810
1773 1309543247.860935
1774 1309543247.863059
1775 1309543247.865059
1776 1309543247.867184
1777 1309543247.869310
1778 1309543247.871309
1779 1309543247.873434
1780 1309543247.875558
1781 1309543247.877558
1782 1309543247.879683
1783 1309543247.881808
1784 1309543247.883807
1785 1309543247.885933
1786 1309543247.888057
1787 1309543247.890057
1788 1309543247.892182
1789 1309543247.894307
1790 1309543247.896307
1791 1309543247.898432
1792 1309543247.900556
1793 1309543247.902556
1794 1309543247.904681
1795 1309543247.906806
1796 1309543247.908806
1797 1309543247.910931
1798 1309543247.913029
1799 1309543247.915055
1800 1309543247.917180
1801 1309543247.919306
1802 1309543247.921305
1803 1309543247.923414
1804 1309543247.925554
1805 1309543247.927554
1806 1309543247.929679
1807 1309543247.931803
1808 1309543247.933804
1809 1309543247.935929
1810 1309543247.938052
1811 1309543247.940053
1812 1309543247.942178
1813 1309543247.944304
1814 1309543247.946303
1815 1309543247.948429
1816 1309543247.950552
1817 1309543247.952552
1818 1309543247.954677
1819 1309543247.956802
1820 1309543247.958802
1821 1309543247.960927
1822 1309543247.963050
1823 1309543247.965051
1824 1309543247.967176
1825 1309543247.969301
1826 1309543247.971301
1827 1309543247.973427
1828 1309543247.975550
1829 1309543247.977550
1830 1309543247.979675
1831 1309543247.981800
1832 1309543247.983800
1833 1309543247.985924
1834 1309543247.988049
1835 1309543247.990049
1836 1309543247.992174
1837 1309543247.994299
1838 1309543247.996300
1839 1309543247.998425
1840 1309543248.000548
1841 1309543248.002548
1842 1309543248.004673
1843 1309543248.006798
1844 1309543248.008798
1845 1309543248.010923
1846 1309543248.013047
1847 1309543248.015047
1848 1309543248.017172
1849 1309543248.019297
1850 1309543248.021297
1851 1309543248.023422
1852 1309543248.025546
1853 1309543248.027546
1854 1309543248.029671
1855 1309543248.031796
1856 1309543248.033796
1857 1309543248.035921
1858 1309543248.038045
1859 1309543248.040045
1860 1309543248.042170
1861 1309543248.044232
1862 1309543248.046294
1863 1309543248.048420
1864 1309543248.050544
1865 1309543248.052544
1866 1309543248.054669
1867 1309543248.056794
1868 1309543248.058794
1869 1309543248.060918
1870 1309543248.063043
1871 1309543248.065043
1872 1309543248.067168
1873 1309543248.069293
1874 1309543248.071293
1875 1309543248.073405
1876 1309543248.075542
1877 1309543248.077542
1878 1309543248.079668
1879 1309543248.081725
1880 1309543248.083792
1881 1309543248.085916
1882 1309543248.088041
1883 1309543248.090041
1884 1309543248.092166
1885 1309543248.094291
1886 1309543248.096291
1887 1309543248.098416
1888 1309543248.100539
1889 1309543248.102540
1890 1309543248.104666
1891 1309543248.106790
1892 1309543248.108790
1893 1309543248.110914
1894 1309543248.113039
1895 1309543248.115039
1896 1309543248.117164
1897 1309543248.119289
1898 1309543248.121289
1899 1309543248.123369
1900 1309543248.125538
1901 1309543248.127538
1902 1309543248.129663
1903 1309543248.131759
1904 1309543248.133789
1905 1309543248.135912
1906 1309543248.138037
1907 1309543248.140037
1908 1309543248.142163
1909 1309543248.144288
1910 1309543248.146287
1911 1309543248.148399
1912 1309543248.150536
1913 1309543248.152536
1914 1309543248.154660
1915 1309543248.156786
1916 1309543248.158786
1917 1309543248.160910
1918 1309543248.163035
1919 1309543248.165035
1920 1309543248.167160
1921 1309543248.169285
1922 1309543248.171285
1923 1309543248.173382
1924 1309543248.175533
1925 1309543248.177534
1926 1309543248.179659
1927 1309543248.181783
1928 1309543248.183909
1929 1309543248.185908
1930 1309543248.188033
1931 1309543248.190033
1932 1309543248.192158
1933 1309543248.194283
1934 1309543248.196409
1935 1309543248.198407
1936 1309543248.200532
1937 1309543248.202657
1938 1309543248.204657
1939 1309543248.206782
1940 1309543248.208782
1941 1309543248.210906
1942 1309543248.213031
1943 1309543248.215031
1944 1309543248.217156
1945 1309543248.219282
1946 1309543248.221281
1947 1309543248.223348
1948 1309543248.225531
1949 1309543248.227655
1950 1309543248.229655
1951 1309543248.231780
1952 1309543248.233905
1953 1309543248.235904
1954 1309543248.238028
1955 1309543248.240154
1956 1309543248.242155
1957 1309543248.244280
1958 1309543248.246280
1959 1309543248.248404
1960 1309543248.250528
1961 1309543248.252653
1962 1309543248.254653
1963 1309543248.256778
1964 1309543248.258778
1965 1309543248.260901
1966 1309543248.263026
1967 1309543248.265152
1968 1309543248.267152
1969 1309543248.269278
1970 1309543248.271402
1971 1309543248.273402
1972 1309543248.275526
1973 1309543248.277526
1974 1309543248.279651
1975 1309543248.281776
1976 1309543248.283901
1977 1309543248.285900
1978 1309543248.288025
1979 1309543248.290150
1980 1309543248.292149
1981 1309543248.294275
1982 1309543248.296400
1983 1309543248.298353
1984 1309543248.300524
1985 1309543248.302649
1986 1309543248.304650
1987 1309543248.306774
1988 1309543248.308899
1989 1309543248.310898
1990 1309543248.313023
1991 1309543248.315148
1992 1309543248.317148
1993 1309543248.319273
1994 1309543248.321398
1995 1309543248.323398
1996 1309543248.325522
1997 1309543248.327648
1998 1309543248.329647
1999 1309543248.331772
2000 1309543248.333897
2001 1309543248.335896
2002 1309543248.338021
2003 1309543248.340146
2004 1309543248.342146
2005 1309543248.344271
2006 1309543248.346395
2007 1309543248.348398
2008 1309543248.350488
2009 1309543248.352645
2010 1309543248.354645
2011 1309543248.356770
2012 1309543248.358895
2013 1309543248.360957
2014 1309543248.363019
2015 1309543248.365145
2016 1309543248.367144
2017 1309543248.369269
2018 1309543248.371394
2019 1309543248.373393
2020 1309543248.375518
2021 1309543248.377644
2022 1309543248.379643
2023 1309543248.381768
2024 1309543248.383893
2025 1309543248.385892
2026 1309543248.388017
2027 1309543248.390142
2028 1309543248.392142
2029 1309543248.394267
2030 1309543248.396392
2031 1309543248.398391
2032 1309543248.400515
2033 1309543248.402641
2034 1309543248.404641
2035 1309543248.406766
2036 1309543248.408890
2037 1309543248.410890
2038 1309543248.413015
2039 1309543248.415140
2040 1309543248.417140
2041 1309543248.419265
2042 1309543248.421390
2043 1309543248.423352
2044 1309543248.425513
2045 1309543248.427639
2046 1309543248.429639
2047 1309543248.431764
2048 1309543248.433888
2049 1309543248.435888
2050 1309543248.438013
2051 1309543248.440138
2052 1309543248.442138
2053 1309543248.444264
2054 1309543248.446388
2055 1309543248.448387
2056 1309543248.450512
2057 1309543248.452637
2058 1309543248.454636
2059 1309543248.456762
2060 1309543248.458886
2061 1309543248.460886
2062 1309543248.463011
2063 1309543248.465136
2064 1309543248.467136
2065 1309543248.469262
2066 1309543248.471386
2067 1309543248.473360
2068 1309543248.475510
2069 1309543248.477635
2070 1309543248.479635
2071 1309543248.481760
2072 1309543248.483884
2073 1309543248.485884
2074 1309543248.488009
2075 1309543248.490135
2076 1309543248.492134
2077 1309543248.494260
2078 1309543248.496383
2079 1309543248.498446
2080 1309543248.500508
2081 1309543248.502633
2082 1309543248.504633
2083 1309543248.506758
2084 1309543248.508881
2085 1309543248.510882
2086 1309543248.513006
2087 1309543248.515132
2088 1309543248.517132
2089 1309543248.519258
2090 1309543248.521381
2091 1309543248.523370
2092 1309543248.525506
2093 1309543248.527631
2094 1309543248.529630
2095 1309543248.531756
2096 1309543248.533880
2097 1309543248.535880
2098 1309543248.538005
2099 1309543248.540130
2100 1309543248.542130
2101 1309543248.544210
2102 1309543248.546379
2103 1309543248.548380
2104 1309543248.550504
2105 1309543248.552629
2106 1309543248.554692
2107 1309543248.556754
2108 1309543248.558878
2109 1309543248.560878
2110 1309543248.563003
2111 1309543248.565128
2112 1309543248.567128
2113 1309543248.569219
2114 1309543248.571377
2115 1309543248.573378
2116 1309543248.575503
2117 1309543248.577627
2118 1309543248.579627
2119 1309543248.581728
2120 1309543248.583876
2121 1309543248.585876
2122 1309543248.588001
2123 1309543248.590126
2124 1309543248.592126
2125 1309543248.594251
2126 1309543248.596375
2127 1309543248.598375
2128 1309543248.600501
2129 1309543248.602595
2130 1309543248.604625
2131 1309543248.606750
2132 1309543248.608874
2133 1309543248.610875
2134 1309543248.612999
2135 1309543248.615124
2136 1309543248.617124
2137 1309543248.619249
2138 1309543248.621373
2139 1309543248.623373
2140 1309543248.625499
2141 1309543248.627623
2142 1309543248.629623
2143 1309543248.631748
2144 1309543248.633872
2145 1309543248.635872
2146 1309543248.637997
2147 1309543248.640122
2148 1309543248.642122
2149 1309543248.644247
2150 1309543248.646370
2151 1309543248.648371
2152 1309543248.650496
2153 1309543248.652621
2154 1309543248.654621
2155 1309543248.656746
2156 1309543248.658870
2157 1309543248.660870
2158 1309543248.662995
2159 1309543248.665120
2160 1309543248.667120
2161 1309543248.669246
2162 1309543248.671369
2163 1309543248.673369
2164 1309543248.675494
2165 1309543248.677619
2166 1309543248.679619
2167 1309543248.681744
2168 1309543248.683868
2169 1309543248.685868
2170 1309543248.687993
2171 1309543248.690121
2172 1309543248.692118
2173 1309543248.694243
2174 1309543248.696367
2175 1309543248.698367
2176 1309543248.700491
2177 1309543248.702617
2178 1309543248.704617
2179 1309543248.706742
2180 1309543248.708866
2181 1309543248.710867
2182 1309543248.712991
2183 1309543248.715116
2184 1309543248.717116
2185 1309543248.719241
2186 1309543248.721365
2187 1309543248.723331
2188 1309543248.725491
2189 1309543248.727615
2190 1309543248.729615
2191 1309543248.731740
2192 1309543248.733864
2193 1309543248.735864
2194 1309543248.737990
2195 1309543248.740114
2196 1309543248.742114
2197 1309543248.744239
2198 1309543248.746363
2199 1309543248.748363
2200 1309543248.750488
2201 1309543248.752613
2202 1309543248.754612
2203 1309543248.756737
2204 1309543248.758862
2205 1309543248.760862
2206 1309543248.762987
2207 1309543248.765112
2208 1309543248.767112
2209 1309543248.769227
2210 1309543248.771361
2211 1309543248.773361
2212 1309543248.775486
2213 1309543248.777611
2214 1309543248.779611
2215 1309543248.781734
2216 1309543248.783860
2217 1309543248.785860
2218 1309543248.787947
2219 1309543248.790110
2220 1309543248.792110
2221 1309543248.794236
2222 1309543248.796359
2223 1309543248.798323
2224 1309543248.800484
2225 1309543248.802609
2226 1309543248.804609
2227 1309543248.806733
2228 1309543248.808858
2229 1309543248.810858
2230 1309543248.812983
2231 1309543248.815045
2232 1309543248.817108
2233 1309543248.819233
2234 1309543248.821357
2235 1309543248.823357
2236 1309543248.825482
2237 1309543248.827607
2238 1309543248.829606
2239 1309543248.831731
2240 1309543248.833856
2241 1309543248.835856
2242 1309543248.837980
2243 1309543248.840106
2244 1309543248.842106
2245 1309543248.844231
2246 1309543248.846355
2247 1309543248.848350
2248 1309543248.850480
2249 1309543248.852605
2250 1309543248.854606
2251 1309543248.856729
2252 1309543248.858854
2253 1309543248.860854
2254 1309543248.862978
2255 1309543248.865104
2256 1309543248.867104
2257 1309543248.869229
2258 1309543248.871353
2259 1309543248.873353
2260 1309543248.875479
2261 1309543248.877603
2262 1309543248.879603
2263 1309543248.881727
2264 1309543248.883851
2265 1309543248.885852
2266 1309543248.887977
2267 1309543248.890102
2268 1309543248.892102
2269 1309543248.894225
2270 1309543248.896351
2271 1309543248.898351
2272 1309543248.900476
2273 1309543248.902601
2274 1309543248.904601
2275 1309543248.906725
2276 1309543248.908850
2277 1309543248.910850
2278 1309543248.912975
2279 1309543248.915100
2280 1309543248.917100
2281 1309543248.919224
2282 1309543248.921349
2283 1309543248.923349
2284 1309543248.925475
2285 1309543248.927599
2286 1309543248.929599
2287 1309543248.931723
2288 1309543248.933848
2289 1309543248.935848
2290 1309543248.937973
2291 1309543248.940098
2292 1309543248.942098
2293 1309543248.944223
2294 1309543248.946347
2295 1309543248.948347
2296 1309543248.950472
2297 1309543248.952535
2298 1309543248.954597
2299 1309543248.956721
2300 1309543248.958846
2301 1309543248.960846
2302 1309543248.962970
2303 1309543248.965096
2304 1309543248.967096
2305 1309543248.969221
2306 1309543248.971345
2307 1309543248.973345
2308 1309543248.975470
2309 1309543248.977595
2310 1309543248.979595
2311 1309543248.981720
2312 1309543248.983844
2313 1309543248.985844
2314 1309543248.987969
2315 1309543248.990094
2316 1309543248.992094
2317 1309543248.994218
2318 1309543248.996343
2319 1309543248.998343
2320 1309543249.000468
2321 1309543249.002593
2322 1309543249.004593
2323 1309543249.006676
2324 1309543249.008842
2325 1309543249.010842
2326 1309543249.012967
2327 1309543249.015092
2328 1309543249.017092
2329 1309543249.019216
2330 1309543249.021341
2331 1309543249.023341
2332 1309543249.025465
2333 1309543249.027590
2334 1309543249.029591
2335 1309543249.031715
2336 1309543249.033840
2337 1309543249.035840
2338 1309543249.037965
2339 1309543249.040090
2340 1309543249.042090
2341 1309543249.044214
2342 1309543249.046339
2343 1309543249.048340
2344 1309543249.050464
2345 1309543249.052589
2346 1309543249.054588
2347 1309543249.056713
2348 1309543249.058838
2349 1309543249.060838
2350 1309543249.062963
2351 1309543249.065088
2352 1309543249.067088
2353 1309543249.069213
2354 1309543249.071336
2355 1309543249.073337
2356 1309543249.075462
2357 1309543249.077587
2358 1309543249.079587
2359 1309543249.081711
2360 1309543249.083836
2361 1309543249.085836
